6
71
45
252
30000   40   20
0   0   0   0
1   -12   -6   7063
2   -15   -5   51
3   -1   -18   23
4   2   -21   3074
5   -1   -17   349
6   -9   -12   1047
7   2   -22   698
8   1   -21   3001
9   7   -25   31
10   -7   -17   1135
11   -11   -5   21611
12   -14   -9   57
13   -14   -8   51
14   -11   -2   551
15   -14   -5   179
16   -15   -9   6
17   -15   -8   528
18   -9   -6   2832
19   -14   -4   1514
20   3   6   889
21   5   9   2554
22   5   10   1215
23   2   8   1810
24   1   9   3050
25   1   10   4
26   2   9   1563
27   6   14   741
28   5   12   1532
29   3   7   709
30   4   8   1022
31   -6   1   883
32   -6   2   1689
33   -8   -2   10235
34   -7   2   29
35   -7   -3   2894
36   -7   -2   450
37   -20   12   411
38   -20   13   207
39   -12   10   496
40   -20   15   1021
41   -6   8   117
42   2   21   46
43   2   22   8
44   1   21   18
45   -1   24   561
46   1   22   1877
47   -2   20   3542
48   -2   21   801
49   -4   18   967
50   -4   19   62
51   -5   18   1366
52   -5   26   230
53   1   23   4
54   -6   5   12
55   -6   6   145
56   -9   6   7149
57   -9   7   2250
58   -12   5   383
59   -12   6   134
60   -11   3   1947
61   -11   4   182
62   -14   4   3934
63   -14   5   468
64   -15   4   18
65   -15   5   133
66   -16   7   2340
67   -16   8   754
68   -15   10   1264
69   -20   10   806
70   -5   19   3665
71   -9   -11   2452

1   4   8   13   5   13   10   14   11   11   
2   5   7   13   14   6   14   10   13   6   14   10   
3   6   8   8   13   7   6   12   7   11   10   13   8   8   
4   5   12   6   11   11   8   8   11   11   9   9   
5   6   13   6   12   10   7   15   9   9   12   7   10   13   
6   3   12   6   9   10   6   14   
7   6   15   7   15   6   11   11   9   11   14   10   7   11   
8   4   11   11   8   15   8   12   11   11   
9   3   12   8   10   8   10   8   
10   5   11   11   9   10   10   8   6   15   11   6   
11   2   7   11   13   9   
12   3   10   10   10   10   10   8   
13   1   13   8   
14   2   10   10   8   14   
15   2   12   12   9   9   
16   1   10   15   
17   4   8   13   14   5   8   13   10   10   
18   1   14   5   
19   4   11   11   15   5   5   13   12   12   
20   6   14   9   10   5   11   11   12   12   7   15   12   12   
21   5   7   14   8   8   12   8   11   6   10   10   
22   2   9   14   11   11   
23   2   12   5   15   8   
24   1   12   12   
25   6   12   7   10   8   9   9   6   12   8   8   12   6   
26   5   8   8   14   5   8   8   14   10   14   7   
27   4   11   9   10   10   8   10   10   10   
28   3   12   9   8   8   9   11   
29   3   8   8   10   15   9   9   
30   4   12   12   12   12   9   14   14   6   
31   6   11   11   11   10   12   12   14   5   6   10   9   15   
32   3   6   11   8   10   10   15   
33   5   12   12   10   10   13   10   12   10   13   10   
34   5   12   6   12   12   10   5   10   7   10   10   
35   1   6   11   
36   3   10   10   6   12   11   8   
37   5   9   9   10   8   6   13   15   10   11   11   
38   1   11   11   
39   3   12   12   11   8   8   8   
40   4   9   14   8   12   10   10   10   10   
41   5   8   15   11   6   15   6   12   10   10   10   
42   4   13   10   13   8   12   5   9   9   
43   4   9   13   5   12   10   7   9   14   
44   1   7   14   
45   3   11   9   6   14   10   10   
46   5   12   8   9   10   13   8   9   13   9   13   
47   2   13   8   9   11   
48   6   8   11   5   15   13   7   6   11   6   13   8   8   
49   4   13   9   9   12   13   6   10   10   
50   5   8   8   12   6   10   5   8   10   12   10   
51   6   9   10   5   11   8   8   9   9   12   12   7   13   
52   5   15   10   14   7   9   9   13   6   10   10   
53   4   12   8   8   12   5   12   13   8   
54   3   11   11   15   5   14   10   
55   4   11   9   11   11   11   11   7   11   
56   1   9   12   
57   3   11   11   14   10   5   15   
58   1   5   13   
59   6   6   10   7   11   11   11   15   6   8   12   7   13   
60   1   6   10   
61   3   10   8   11   8   9   15   
62   2   9   9   12   12   
63   6   5   12   11   11   13   6   12   8   12   12   10   10   
64   3   9   9   6   12   11   11   
65   3   13   10   11   11   11   8   
66   3   9   15   7   14   12   8   
67   5   15   8   8   15   10   10   14   10   5   14   
68   5   7   14   14   6   8   8   5   10   10   13   
69   3   11   11   12   12   7   13   
70   1   10   8   
71   1   11   11   
