6
75
44
260
100   40   20
0   40   40   0
1   22   22   18
2   36   26   26
3   21   45   11
4   45   35   30
5   55   20   21
6   33   34   19
7   50   50   15
8   55   45   16
9   26   59   29
10   40   66   26
11   55   65   37
12   35   51   16
13   62   35   12
14   62   57   31
15   62   24   8
16   21   36   19
17   33   44   20
18   9   56   13
19   62   48   15
20   66   14   22
21   44   13   28
22   26   13   12
23   11   28   6
24   7   43   27
25   17   64   14
26   41   46   18
27   55   34   17
28   35   16   29
29   52   26   13
30   43   26   22
31   31   76   25
32   22   53   28
33   26   29   27
34   50   40   19
35   55   50   10
36   54   10   12
37   60   15   14
38   47   66   24
39   30   60   16
40   30   50   33
41   12   17   15
42   15   14   11
43   16   19   18
44   21   48   17
45   50   30   21
46   51   42   27
47   50   15   19
48   48   21   20
49   12   38   5
50   15   56   22
51   29   39   12
52   54   38   19
53   55   57   22
54   67   41   16
55   10   70   7
56   6   25   26
57   65   27   14
58   40   60   21
59   70   64   24
60   64   4   13
61   36   6   15
62   30   20   18
63   20   30   11
64   15   5   28
65   50   70   9
66   57   72   37
67   45   42   30
68   38   33   10
69   50   4   8
70   66   8   11
71   59   5   3
72   35   60   1
73   27   24   6
74   40   20   10
75   40   37   20

1   2   8   14   9   9   
2   3   15   5   9   9   12   5   
3   1   9   9   
4   6   9   9   12   7   11   11   10   10   11   10   7   15   
5   3   11   6   8   13   14   5   
6   5   12   12   8   8   12   6   11   5   13   9   
7   2   11   10   10   10   
8   2   9   9   8   10   
9   2   5   15   15   5   
10   1   8   13   
11   2   8   11   10   6   
12   5   10   11   11   11   5   13   11   10   10   10   
13   6   14   6   6   14   6   15   6   14   15   5   7   15   
14   3   12   12   11   11   9   14   
15   1   8   11   
16   4   6   12   13   5   10   9   13   7   
17   4   14   7   14   6   8   13   9   9   
18   3   15   7   14   9   8   8   
19   2   6   14   7   15   
20   6   10   10   8   8   8   8   8   10   8   12   14   8   
21   5   11   6   15   10   9   9   10   6   10   13   
22   2   11   11   15   5   
23   2   13   5   10   10   
24   6   15   6   12   6   9   12   6   10   6   13   9   9   
25   1   11   11   
26   2   8   10   8   10   
27   2   7   12   12   10   
28   5   9   15   13   8   13   9   10   5   8   13   
29   5   15   5   5   13   7   12   15   5   15   10   
30   4   14   5   9   9   6   13   9   15   
31   3   14   7   5   12   8   8   
32   6   11   11   10   11   7   11   15   5   10   10   15   8   
33   6   9   10   11   11   10   9   5   14   11   11   12   12   
34   6   9   9   9   12   6   11   14   5   11   10   9   9   
35   6   10   10   8   8   15   6   11   7   8   8   10   10   
36   5   10   9   6   13   8   8   8   8   10   10   
37   1   6   12   
38   4   12   7   15   10   7   12   14   10   
39   3   7   14   5   11   10   10   
40   1   12   7   
41   1   6   12   
42   5   12   12   8   8   15   9   11   9   11   7   
43   2   11   11   9   10   
44   1   10   10   
45   2   7   15   5   15   
46   5   10   9   11   11   11   9   11   11   12   12   
47   4   8   8   13   10   12   12   8   11   
48   4   11   11   13   9   11   5   13   9   
49   5   8   8   10   10   10   10   5   13   13   9   
50   4   12   8   12   12   5   14   10   13   
51   6   7   14   15   10   6   11   14   7   11   11   8   12   
52   6   7   11   14   7   15   5   11   7   12   12   13   6   
53   3   15   5   6   10   12   5   
54   6   10   12   12   12   8   8   10   5   12   12   13   6   
55   3   9   13   5   14   8   8   
56   6   8   15   12   12   9   12   10   10   10   15   10   10   
57   5   10   11   10   10   10   15   10   8   12   12   
58   1   6   12   
59   5   13   6   8   8   11   8   9   10   9   13   
60   1   12   10   
61   3   8   8   14   5   10   10   
62   2   6   13   11   11   
63   1   8   8   
64   5   9   9   8   8   9   9   10   10   9   9   
65   3   15   8   8   11   6   13   
66   4   13   10   10   10   15   9   6   12   
67   4   11   8   8   8   10   10   12   12   
68   4   11   11   11   11   9   9   7   10   
69   2   7   15   15   8   
70   6   9   9   10   8   10   10   6   14   10   9   9   9   
71   6   6   11   10   15   12   7   14   7   12   12   9   9   
72   1   6   14   
73   1   10   10   
74   3   5   14   15   7   10   8   
75   2   12   9   5   14   
