6
100
61
349
200   40   20
0   40   50   0
1   45   68   10
2   45   70   30
3   42   66   10
4   42   68   10
5   42   65   10
6   40   69   20
7   40   66   20
8   38   68   20
9   38   70   10
10   35   66   10
11   35   69   10
12   25   85   20
13   22   75   30
14   22   85   10
15   20   80   40
16   20   85   40
17   18   75   20
18   15   75   20
19   15   80   10
20   30   50   10
21   30   52   20
22   28   52   20
23   28   55   10
24   25   50   10
25   25   52   40
26   25   55   10
27   23   52   10
28   23   55   20
29   20   50   10
30   20   55   10
31   10   35   20
32   10   40   30
33   8   40   40
34   8   45   20
35   5   35   10
36   5   45   10
37   2   40   20
38   0   40   30
39   0   45   20
40   35   30   10
41   35   32   10
42   33   32   20
43   33   35   10
44   32   30   10
45   30   30   10
46   30   32   30
47   30   35   10
48   28   30   10
49   28   35   10
50   26   32   10
51   25   30   10
52   25   35   10
53   44   5   20
54   42   10   40
55   42   15   10
56   40   5   30
57   40   15   40
58   38   5   30
59   38   15   10
60   35   5   20
61   50   30   10
62   50   35   20
63   50   40   50
64   48   30   10
65   48   40   10
66   47   35   10
67   47   40   10
68   45   30   10
69   45   35   10
70   95   30   30
71   95   35   20
72   53   30   10
73   92   30   10
74   53   35   50
75   45   65   20
76   90   35   10
77   88   30   10
78   88   35   20
79   87   30   10
80   85   25   10
81   85   35   30
82   75   55   20
83   72   55   10
84   70   58   20
85   68   60   30
86   66   55   10
87   65   55   20
88   65   60   30
89   63   58   10
90   60   55   10
91   60   60   10
92   67   85   20
93   65   85   40
94   65   82   10
95   62   80   30
96   60   80   10
97   60   85   30
98   58   75   20
99   55   80   10
100   55   85   20

1   2   15   6   14   5   
2   3   11   11   11   11   10   10   
3   1   14   8   
4   5   14   8   13   5   10   15   10   8   9   12   
5   1   13   6   
6   2   5   14   11   11   
7   4   10   15   10   10   10   10   13   10   
8   2   9   14   10   10   
9   5   8   11   5   12   9   9   6   10   12   12   
10   1   10   10   
11   6   15   8   12   9   12   7   10   8   11   8   7   13   
12   4   11   11   10   10   5   14   11   8   
13   2   14   5   12   12   
14   6   11   11   10   13   13   6   11   8   5   12   13   10   
15   1   12   12   
16   5   10   10   9   12   11   11   8   8   5   11   
17   3   10   10   13   9   6   15   
18   3   5   12   10   11   11   5   
19   5   10   9   7   13   7   15   9   9   9   9   
20   1   12   12   
21   2   12   12   9   10   
22   1   7   14   
23   6   11   11   10   5   12   12   14   9   12   12   15   5   
24   5   11   11   8   8   14   5   12   6   7   10   
25   6   13   8   8   14   9   10   10   6   9   11   12   12   
26   1   12   12   
27   1   9   13   
28   5   12   12   12   12   14   8   13   6   9   10   
29   6   7   10   10   5   11   11   14   5   12   12   14   5   
30   6   8   15   12   10   14   9   5   15   10   10   12   12   
31   4   6   10   9   14   11   11   12   12   
32   2   5   12   10   10   
33   1   10   10   
34   1   10   12   
35   6   15   9   13   5   12   10   12   5   8   13   14   10   
36   1   11   9   
37   4   10   10   8   8   12   12   9   9   
38   2   11   11   12   10   
39   5   8   8   10   12   12   12   14   5   10   12   
40   4   10   11   5   13   11   11   10   10   
41   2   14   6   13   6   
42   1   12   8   
43   2   8   8   12   12   
44   2   11   11   15   8   
45   2   12   12   7   10   
46   3   14   8   15   5   10   10   
47   6   8   8   13   5   5   15   10   11   9   9   10   10   
48   4   5   12   6   13   13   9   15   10   
49   5   10   14   9   11   10   15   8   11   8   13   
50   6   9   10   8   8   11   11   6   13   11   8   14   6   
51   2   7   14   8   8   
52   4   8   11   7   12   9   9   8   8   
53   5   10   10   10   7   9   10   8   12   12   7   
54   2   15   9   13   5   
55   6   7   14   8   11   15   6   7   14   11   11   8   11   
56   2   11   11   10   13   
57   4   9   13   14   8   9   15   8   15   
58   3   9   9   10   10   12   12   
59   6   6   13   9   13   7   15   10   10   10   10   12   8   
60   4   11   8   5   14   12   10   12   12   
61   2   8   8   14   5   
62   2   5   13   11   11   
63   3   14   10   6   10   12   12   
64   1   6   11   
65   5   9   12   13   8   14   6   12   12   8   8   
66   2   8   8   14   10   
67   6   8   11   9   9   9   10   8   15   8   15   14   5   
68   3   10   11   5   10   12   7   
69   3   10   8   12   12   8   8   
70   5   14   5   8   8   14   10   12   12   13   10   
71   3   6   14   11   11   13   8   
72   3   10   10   10   10   7   10   
73   4   10   14   10   13   6   12   15   7   
74   4   14   9   9   15   5   11   13   5   
75   2   9   11   8   15   
76   1   6   12   
77   6   12   8   10   10   7   15   8   13   11   11   11   7   
78   5   8   8   13   10   12   8   12   6   13   5   
79   5   8   11   9   12   7   11   11   10   10   9   
80   4   10   10   10   10   9   10   12   12   
81   6   6   10   14   5   8   8   6   15   8   8   8   8   
82   2   7   12   11   11   
83   3   13   6   5   10   14   9   
84   4   10   10   12   6   11   11   8   13   
85   3   14   5   14   8   12   12   
86   1   11   11   
87   6   9   10   8   14   11   11   6   12   11   11   6   11   
88   6   9   9   9   9   11   11   10   10   10   11   8   8   
89   2   11   11   7   15   
90   1   12   12   
91   1   9   12   
92   6   5   11   8   8   10   9   10   7   9   9   5   14   
93   2   8   8   9   9   
94   5   12   8   10   10   10   5   10   11   13   5   
95   6   9   10   12   12   8   8   8   15   5   11   11   7   
96   6   13   8   9   9   6   12   9   9   8   13   5   15   
97   5   8   13   6   11   9   9   10   10   9   12   
98   4   8   8   13   5   14   9   11   7   
99   3   10   7   15   10   9   9   
100   6   15   9   10   10   12   12   7   15   8   8   14   9   
