6
75
53
307
220   40   20
0   40   40   0
1   22   22   18
2   36   26   26
3   21   45   11
4   45   35   30
5   55   20   21
6   33   34   19
7   50   50   15
8   55   45   16
9   26   59   29
10   40   66   26
11   55   65   37
12   35   51   16
13   62   35   12
14   62   57   31
15   62   24   8
16   21   36   19
17   33   44   20
18   9   56   13
19   62   48   15
20   66   14   22
21   44   13   28
22   26   13   12
23   11   28   6
24   7   43   27
25   17   64   14
26   41   46   18
27   55   34   17
28   35   16   29
29   52   26   13
30   43   26   22
31   31   76   25
32   22   53   28
33   26   29   27
34   50   40   19
35   55   50   10
36   54   10   12
37   60   15   14
38   47   66   24
39   30   60   16
40   30   50   33
41   12   17   15
42   15   14   11
43   16   19   18
44   21   48   17
45   50   30   21
46   51   42   27
47   50   15   19
48   48   21   20
49   12   38   5
50   15   56   22
51   29   39   12
52   54   38   19
53   55   57   22
54   67   41   16
55   10   70   7
56   6   25   26
57   65   27   14
58   40   60   21
59   70   64   24
60   64   4   13
61   36   6   15
62   30   20   18
63   20   30   11
64   15   5   28
65   50   70   9
66   57   72   37
67   45   42   30
68   38   33   10
69   50   4   8
70   66   8   11
71   59   5   3
72   35   60   1
73   27   24   6
74   40   20   10
75   40   37   20

1   3   10   9   12   10   6   11   
2   2   13   6   8   14   
3   3   8   8   12   8   10   5   
4   5   11   9   10   11   10   5   12   12   11   5   
5   4   11   11   10   10   6   13   10   10   
6   6   11   11   9   10   8   8   12   12   12   12   10   6   
7   6   13   9   8   8   6   13   11   11   9   9   15   8   
8   5   9   11   8   10   15   10   9   9   10   5   
9   6   7   15   9   9   5   15   11   11   12   12   10   10   
10   5   10   10   11   11   10   10   14   7   12   12   
11   6   10   10   9   10   12   12   5   12   5   12   13   8   
12   4   8   8   12   7   7   13   10   10   
13   1   8   8   
14   6   11   7   13   5   10   6   10   10   11   11   13   7   
15   6   14   8   11   5   8   8   5   13   5   14   12   12   
16   1   9   11   
17   4   7   12   9   9   11   11   13   7   
18   6   10   14   8   8   8   8   13   6   8   11   8   8   
19   6   10   9   12   9   12   12   9   14   14   9   12   12   
20   3   10   6   14   10   7   10   
21   3   9   14   9   9   12   8   
22   6   8   11   10   15   8   8   10   10   11   7   10   10   
23   4   5   10   6   13   9   9   9   9   
24   4   13   10   9   13   12   6   9   9   
25   3   10   10   12   12   14   8   
26   2   9   9   7   10   
27   6   9   9   7   11   13   5   12   12   7   12   12   12   
28   1   6   11   
29   3   9   9   9   9   9   9   
30   3   11   11   11   11   10   10   
31   1   14   9   
32   2   11   11   5   11   
33   4   9   15   8   15   8   8   11   11   
34   3   14   10   10   13   10   10   
35   5   13   9   9   12   15   6   15   5   7   13   
36   3   13   6   5   10   13   6   
37   5   8   12   13   9   10   10   15   5   8   11   
38   4   11   8   12   12   8   11   8   11   
39   6   15   8   7   11   6   12   11   11   8   13   11   11   
40   2   5   13   10   10   
41   6   12   10   10   10   7   13   8   13   5   12   6   11   
42   4   9   13   10   11   12   7   8   8   
43   6   10   11   6   12   8   8   12   12   11   5   12   12   
44   5   10   8   10   10   10   6   10   10   8   8   
45   4   7   11   8   8   5   11   8   8   
46   6   10   10   14   6   14   10   12   12   11   11   10   10   
47   5   15   10   9   14   12   12   5   14   12   5   
48   6   12   8   10   6   8   10   11   9   11   11   13   6   
49   4   9   14   12   5   12   10   8   15   
50   3   15   8   10   10   15   7   
51   2   13   7   9   9   
52   2   8   8   8   8   
53   6   7   12   12   12   12   12   6   14   5   10   8   8   
54   3   12   12   10   10   11   7   
55   1   8   8   
56   3   6   10   10   11   7   14   
57   6   12   5   8   11   14   10   14   6   12   12   8   12   
58   6   14   8   13   10   6   14   12   12   9   9   14   9   
59   2   13   10   13   8   
60   2   8   12   11   11   
61   4   10   8   6   12   15   6   11   9   
62   5   6   10   5   11   10   9   5   15   11   11   
63   6   10   12   15   8   12   10   8   8   9   14   15   9   
64   5   10   10   13   7   14   10   15   6   11   11   
65   3   11   11   9   11   9   9   
66   4   12   12   6   15   11   11   12   8   
67   5   12   10   11   11   8   8   7   15   11   10   
68   2   8   8   14   10   
69   6   8   8   12   12   6   15   10   15   6   10   8   10   
70   6   12   8   14   10   12   12   11   11   10   10   6   15   
71   5   11   11   5   11   15   6   13   7   12   12   
72   5   8   8   10   10   10   9   12   12   11   11   
73   1   9   9   
74   6   13   10   9   14   5   12   9   10   10   15   5   14   
75   4   14   5   8   8   10   10   8   8   
