6
100
59
335
200   40   20
0   35   35   0
1   41   49   10
2   35   17   7
3   55   45   13
4   55   20   19
5   15   30   26
6   25   30   3
7   20   50   5
8   10   43   9
9   55   60   16
10   30   60   16
11   20   65   12
12   50   35   19
13   30   25   23
14   15   10   20
15   30   5   8
16   10   20   19
17   5   30   2
18   20   40   12
19   15   60   17
20   45   65   9
21   45   20   11
22   45   10   18
23   55   5   29
24   65   35   3
25   65   20   6
26   45   30   17
27   35   40   16
28   41   37   16
29   64   42   9
30   40   60   21
31   31   52   27
32   35   69   23
33   53   52   11
34   65   55   14
35   63   65   8
36   2   60   5
37   20   20   8
38   5   5   16
39   60   12   31
40   40   25   9
41   42   7   5
42   24   12   5
43   23   3   7
44   11   14   18
45   6   38   16
46   2   48   1
47   8   56   27
48   13   52   36
49   6   68   30
50   47   47   13
51   49   58   10
52   27   43   9
53   37   31   14
54   57   29   18
55   63   23   2
56   53   12   6
57   32   12   7
58   36   26   18
59   21   24   28
60   17   34   3
61   12   24   13
62   24   58   19
63   27   69   10
64   15   77   9
65   62   77   20
66   49   73   25
67   67   5   25
68   56   39   36
69   37   47   6
70   37   56   5
71   57   68   15
72   47   16   25
73   44   17   9
74   46   13   8
75   49   11   18
76   49   42   13
77   53   43   14
78   61   52   3
79   57   48   23
80   56   37   6
81   55   54   26
82   15   47   16
83   14   37   11
84   11   31   7
85   16   22   41
86   4   18   35
87   28   18   26
88   26   52   9
89   26   35   15
90   31   67   3
91   15   19   1
92   22   22   2
93   18   24   22
94   26   27   27
95   25   24   20
96   22   27   11
97   25   21   12
98   19   21   10
99   20   26   9
100   18   18   17

1   4   10   8   13   6   5   12   11   11   
2   6   5   11   12   12   9   9   9   9   9   15   10   10   
3   2   5   15   13   10   
4   1   11   11   
5   2   13   8   11   11   
6   3   14   7   14   6   9   11   
7   4   9   11   7   10   13   8   9   9   
8   1   12   12   
9   6   8   8   11   11   13   5   8   8   8   10   14   9   
10   3   14   5   12   12   10   8   
11   1   9   9   
12   2   14   10   9   10   
13   3   14   10   8   8   9   14   
14   6   9   10   5   13   7   12   12   12   14   7   11   6   
15   2   9   9   6   15   
16   6   11   11   10   11   12   8   12   12   5   12   10   11   
17   5   5   13   10   11   14   10   7   14   7   12   
18   4   10   10   7   14   6   12   6   15   
19   5   10   10   7   15   12   12   10   8   9   13   
20   6   9   9   10   13   11   11   14   5   11   11   12   12   
21   4   7   14   6   15   10   8   10   12   
22   3   11   8   8   8   8   12   
23   6   5   13   10   14   12   12   15   8   12   6   10   10   
24   3   12   12   10   8   6   12   
25   2   10   10   9   14   
26   4   8   12   10   10   12   8   8   10   
27   4   14   5   9   11   8   10   5   11   
28   1   12   12   
29   2   10   10   10   9   
30   6   13   9   8   11   14   7   12   12   8   15   13   7   
31   1   8   14   
32   2   10   9   15   7   
33   2   5   11   6   11   
34   3   13   8   11   11   13   10   
35   4   12   12   14   6   11   11   5   12   
36   1   11   7   
37   2   10   10   10   7   
38   6   11   6   8   8   12   10   11   9   15   9   8   15   
39   2   8   12   12   10   
40   6   14   10   6   13   13   7   12   12   14   8   13   10   
41   6   8   8   10   9   13   8   10   13   10   8   15   8   
42   3   14   6   12   12   10   7   
43   4   5   11   5   11   11   5   10   5   
44   6   12   12   11   7   10   10   14   6   10   10   13   10   
45   1   12   12   
46   1   11   11   
47   3   10   13   9   10   12   12   
48   4   8   11   8   13   11   11   10   13   
49   1   15   10   
50   3   8   8   9   10   8   8   
51   4   14   10   9   9   14   7   12   12   
52   4   11   11   10   12   8   12   12   5   
53   4   11   11   10   10   7   15   9   15   
54   2   11   11   13   6   
55   1   10   10   
56   5   9   9   15   8   11   10   15   10   9   9   
57   5   8   12   12   12   9   12   8   10   9   9   
58   6   9   10   7   11   12   9   12   12   6   13   13   7   
59   1   8   8   
60   3   8   12   15   10   11   11   
61   4   14   5   8   8   11   11   11   11   
62   6   8   8   10   8   6   13   7   10   11   7   8   14   
63   2   5   10   8   8   
64   1   8   8   
65   2   10   5   10   14   
66   4   9   12   8   10   5   15   8   8   
67   2   11   11   8   8   
68   5   9   9   8   8   11   7   11   11   15   7   
69   4   12   12   15   9   6   11   15   9   
70   3   11   11   8   8   7   13   
71   2   8   8   10   6   
72   2   10   10   14   5   
73   1   10   5   
74   1   6   12   
75   4   9   13   10   15   9   9   6   12   
76   3   10   10   9   13   10   10   
77   3   10   10   14   7   11   8   
78   2   6   11   15   7   
79   2   11   8   13   8   
80   1   14   6   
81   1   10   7   
82   5   10   8   12   12   8   8   6   14   7   15   
83   3   12   12   11   7   9   9   
84   5   10   10   13   7   12   9   14   5   15   9   
85   1   8   13   
86   5   11   11   10   11   11   11   12   12   5   12   
87   5   11   11   12   12   12   12   11   8   9   10   
88   3   15   6   8   8   8   8   
89   6   14   9   12   12   6   12   9   15   8   14   11   7   
90   4   8   15   13   8   8   12   8   8   
91   1   5   14   
92   6   15   9   12   12   8   15   13   5   12   12   10   7   
93   6   9   9   6   15   6   15   8   13   12   6   6   11   
94   2   8   8   6   12   
95   2   7   15   7   11   
96   5   11   9   5   14   6   15   11   11   10   5   
97   4   11   11   13   5   9   14   8   14   
98   5   10   10   6   13   9   10   10   8   7   15   
99   5   12   12   11   11   10   10   14   9   9   15   
100   4   10   10   11   9   9   9   12   12   
