6
40
23
133
60   40   20
0   40   40   0
1   22   22   18
2   36   26   26
3   21   45   11
4   45   35   30
5   55   20   21
6   33   34   19
7   50   50   15
8   55   45   16
9   26   59   29
10   40   66   26
11   55   65   37
12   35   51   16
13   62   35   12
14   62   57   31
15   62   24   8
16   21   36   19
17   33   44   20
18   9   56   13
19   62   48   15
20   66   14   22
21   44   13   28
22   26   13   12
23   11   28   6
24   7   43   27
25   17   64   14
26   41   46   18
27   55   34   17
28   35   16   29
29   52   26   13
30   43   26   22
31   31   76   25
32   22   53   28
33   26   29   27
34   50   40   19
35   55   50   10
36   54   10   12
37   60   15   14
38   47   66   24
39   30   60   16
40   30   50   33

1   3   10   10   8   8   8   13   
2   4   9   9   11   11   8   8   12   12   
3   6   10   7   14   6   9   9   8   8   8   8   9   11   
4   3   9   9   9   10   15   6   
5   4   12   10   13   7   11   11   11   11   
6   2   9   9   14   9   
7   4   11   11   8   8   10   6   8   10   
8   3   7   14   9   10   10   10   
9   1   7   14   
10   6   7   10   11   5   11   11   6   15   9   12   8   8   
11   2   15   5   13   5   
12   1   13   6   
13   3   9   9   9   13   11   10   
14   5   10   15   7   10   8   11   5   11   9   9   
15   6   5   13   10   15   11   6   14   7   9   15   14   5   
16   3   14   7   10   9   14   10   
17   3   11   5   5   14   9   11   
18   1   14   8   
19   5   13   7   10   11   8   8   12   12   7   10   
20   3   11   11   10   10   14   10   
21   3   7   11   9   9   8   8   
22   4   10   9   9   10   7   10   5   15   
23   2   11   11   13   8   
24   4   6   15   15   7   10   14   15   9   
25   5   11   9   15   10   10   11   12   12   11   11   
26   3   12   12   8   8   9   9   
27   1   13   10   
28   6   10   10   6   11   10   10   6   15   7   13   11   11   
29   1   12   12   
30   2   15   6   12   12   
31   4   10   11   8   10   9   9   6   11   
32   5   7   14   11   7   11   7   8   10   6   15   
33   6   13   9   5   15   9   11   7   12   6   13   9   9   
34   2   12   12   11   11   
35   1   5   13   
36   4   10   10   7   10   11   7   11   11   
37   4   5   10   11   11   14   9   8   8   
38   3   13   9   9   10   9   9   
39   1   10   15   
40   4   15   10   7   10   8   8   9   9   
