6
20
14
79
58   40   20
0   30   40   0
1   42   41   19
2   31   32   29
3   5   25   23
4   12   42   21
5   36   16   10
6   52   41   15
7   27   23   3
8   17   33   41
9   13   13   9
10   57   58   28
11   62   42   8
12   42   57   8
13   16   57   16
14   8   52   10
15   7   38   28
16   27   68   7
17   30   48   15
18   43   67   14
19   58   48   6
20   58   27   19

1   6   15   8   15   6   10   6   13   7   6   11   8   15   
2   6   10   7   11   11   9   11   6   12   12   5   9   9   
3   2   10   10   6   13   
4   2   7   12   11   5   
5   3   10   10   8   8   8   8   
6   3   14   8   10   10   15   10   
7   1   8   8   
8   5   8   14   11   11   8   14   7   15   12   8   
9   5   11   11   8   8   10   10   10   10   10   10   
10   6   10   14   7   13   11   6   14   5   9   13   9   11   
11   5   9   9   9   15   5   15   11   5   14   6   
12   4   7   10   13   6   10   9   10   11   
13   4   9   12   5   14   12   12   15   10   
14   3   10   10   12   12   15   7   
15   4   6   12   8   8   11   11   9   12   
16   2   11   11   8   15   
17   6   15   10   9   13   5   13   12   12   8   11   10   10   
18   3   15   5   12   9   10   13   
19   5   9   11   10   15   10   10   12   12   11   11   
20   4   11   9   8   12   11   6   10   11   
