6
15
13
70
90   40   20
0   30   40   0
1   37   52   7
2   49   49   30
3   52   64   16
4   20   26   9
5   40   30   21
6   21   47   15
7   17   63   19
8   31   62   23
9   52   33   11
10   51   21   5
11   42   41   19
12   31   32   29
13   5   25   23
14   12   42   21
15   36   16   10

1   6   14   9   14   5   9   12   15   6   6   15   10   10   
2   4   8   10   13   9   9   9   12   10   
3   6   10   10   9   15   8   8   10   13   13   8   13   6   
4   6   10   10   14   8   6   15   6   14   8   8   10   5   
5   5   10   10   11   11   13   7   9   12   8   13   
6   3   10   10   9   9   14   7   
7   6   12   12   7   11   14   7   8   15   10   11   5   10   
8   4   15   5   15   7   8   8   10   13   
9   4   9   10   10   10   13   9   14   7   
10   5   9   14   10   10   11   8   10   10   8   15   
11   6   11   11   10   7   9   9   11   11   10   10   10   14   
12   6   10   12   6   13   12   6   12   9   8   10   5   14   
13   2   10   11   7   10   
14   3   10   10   11   5   10   10   
15   4   10   11   12   12   15   8   15   6   
