6
25
18
102
48   40   20
0   30   40   0
1   52   41   15
2   27   23   3
3   17   33   41
4   13   13   9
5   57   58   28
6   62   42   8
7   42   57   8
8   16   57   16
9   8   52   10
10   7   38   28
11   27   68   7
12   30   48   15
13   43   67   14
14   58   48   6
15   58   27   19
16   37   69   11
17   38   46   12
18   46   10   23
19   61   33   26
20   62   63   17
21   63   69   6
22   32   22   9
23   45   35   15
24   59   15   14
25   5   6   7

1   6   14   9   14   5   9   12   15   6   6   15   10   10   
2   4   8   10   13   9   9   9   12   10   
3   6   10   10   9   15   8   8   10   13   13   8   13   6   
4   6   10   10   14   8   6   15   6   14   8   8   10   5   
5   5   10   10   11   11   13   7   9   12   8   13   
6   3   10   10   9   9   14   7   
7   6   12   12   7   11   14   7   8   15   10   11   5   10   
8   4   15   5   15   7   8   8   10   13   
9   4   9   10   10   10   13   9   14   7   
10   5   9   14   10   10   11   8   10   10   8   15   
11   6   11   11   10   7   9   9   11   11   10   10   10   14   
12   6   10   12   6   13   12   6   12   9   8   10   5   14   
13   2   10   11   7   10   
14   3   10   10   11   5   10   10   
15   4   10   11   12   12   15   8   15   6   
16   3   11   11   14   5   11   7   
17   4   11   11   6   13   11   11   10   5   
18   1   7   12   
19   6   12   6   10   10   9   14   15   9   12   10   9   14   
20   4   10   7   5   12   9   9   15   6   
21   1   5   15   
22   1   13   6   
23   6   10   9   15   7   12   8   9   9   8   13   6   14   
24   2   11   9   10   10   
25   4   10   10   10   10   12   8   10   10   
