6
22
16
90
4500   40   20
0   266   235   0
1   295   272   125
2   301   258   84
3   309   260   60
4   217   274   500
5   218   278   300
6   282   267   175
7   242   249   350
8   230   262   150
9   249   268   1100
10   256   267   4100
11   265   257   225
12   267   242   300
13   259   265   250
14   315   233   500
15   329   252   150
16   318   252   100
17   329   224   250
18   267   213   120
19   275   192   600
20   303   201   500
21   208   217   175
22   326   181   75

1   6   14   9   14   5   9   12   15   6   6   15   10   10   
2   4   8   10   13   9   9   9   12   10   
3   6   10   10   9   15   8   8   10   13   13   8   13   6   
4   6   10   10   14   8   6   15   6   14   8   8   10   5   
5   5   10   10   11   11   13   7   9   12   8   13   
6   3   10   10   9   9   14   7   
7   6   12   12   7   11   14   7   8   15   10   11   5   10   
8   4   15   5   15   7   8   8   10   13   
9   4   9   10   10   10   13   9   14   7   
10   5   9   14   10   10   11   8   10   10   8   15   
11   6   11   11   10   7   9   9   11   11   10   10   10   14   
12   6   10   12   6   13   12   6   12   9   8   10   5   14   
13   2   10   11   7   10   
14   3   10   10   11   5   10   10   
15   4   10   11   12   12   15   8   15   6   
16   3   11   11   14   5   11   7   
17   4   11   11   6   13   11   11   10   5   
18   1   7   12   
19   6   12   6   10   10   9   14   15   9   12   10   9   14   
20   4   10   7   5   12   9   9   15   6   
21   1   5   15   
22   1   13   6   
