6
75
44
257
180   40   20
0   40   40   0
1   22   22   18
2   36   26   26
3   21   45   11
4   45   35   30
5   55   20   21
6   33   34   19
7   50   50   15
8   55   45   16
9   26   59   29
10   40   66   26
11   55   65   37
12   35   51   16
13   62   35   12
14   62   57   31
15   62   24   8
16   21   36   19
17   33   44   20
18   9   56   13
19   62   48   15
20   66   14   22
21   44   13   28
22   26   13   12
23   11   28   6
24   7   43   27
25   17   64   14
26   41   46   18
27   55   34   17
28   35   16   29
29   52   26   13
30   43   26   22
31   31   76   25
32   22   53   28
33   26   29   27
34   50   40   19
35   55   50   10
36   54   10   12
37   60   15   14
38   47   66   24
39   30   60   16
40   30   50   33
41   12   17   15
42   15   14   11
43   16   19   18
44   21   48   17
45   50   30   21
46   51   42   27
47   50   15   19
48   48   21   20
49   12   38   5
50   15   56   22
51   29   39   12
52   54   38   19
53   55   57   22
54   67   41   16
55   10   70   7
56   6   25   26
57   65   27   14
58   40   60   21
59   70   64   24
60   64   4   13
61   36   6   15
62   30   20   18
63   20   30   11
64   15   5   28
65   50   70   9
66   57   72   37
67   45   42   30
68   38   33   10
69   50   4   8
70   66   8   11
71   59   5   3
72   35   60   1
73   27   24   6
74   40   20   10
75   40   37   20

1   4   6   11   10   7   10   5   8   8   
2   4   11   9   10   5   12   12   8   8   
3   1   5   10   
4   6   9   14   12   12   10   14   15   10   12   8   6   15   
5   5   6   12   14   5   10   10   8   8   10   9   
6   1   10   8   
7   6   10   10   10   6   12   12   10   9   9   13   10   5   
8   6   11   8   11   7   6   12   10   13   12   9   13   9   
9   5   10   5   8   8   11   11   12   10   13   7   
10   3   9   11   15   8   11   9   
11   1   10   10   
12   1   12   6   
13   2   10   6   13   9   
14   5   6   14   7   12   11   6   12   12   14   9   
15   4   11   11   15   7   8   11   7   14   
16   6   10   15   9   9   11   10   12   6   6   13   8   8   
17   6   15   5   10   7   11   11   15   5   10   10   12   12   
18   6   8   14   12   6   7   15   9   13   6   11   11   11   
19   5   12   7   10   13   10   12   6   14   15   6   
20   4   12   12   8   8   11   7   5   13   
21   2   12   12   9   9   
22   4   12   12   8   15   6   14   7   14   
23   5   12   12   14   10   11   7   8   14   10   13   
24   6   15   7   9   9   8   8   7   13   9   9   15   6   
25   6   6   14   13   10   11   10   12   5   8   12   13   8   
26   1   14   7   
27   4   6   12   11   11   10   13   11   11   
28   2   12   12   12   12   
29   1   8   8   
30   1   13   7   
31   4   6   10   8   8   12   10   14   8   
32   5   9   15   14   5   6   14   9   14   12   9   
33   2   12   8   9   9   
34   3   9   15   7   15   10   10   
35   4   10   13   9   15   15   10   11   6   
36   4   7   10   12   12   5   12   7   12   
37   2   7   13   10   14   
38   2   9   9   9   10   
39   3   5   15   13   10   10   10   
40   2   10   10   8   12   
41   5   9   9   10   10   8   8   11   5   13   8   
42   6   7   13   13   6   13   8   8   12   10   11   14   5   
43   6   10   9   11   5   10   6   15   10   15   9   10   13   
44   4   9   9   8   8   10   10   13   9   
45   1   7   14   
46   1   7   11   
47   2   11   11   7   13   
48   2   11   11   5   12   
49   1   8   15   
50   1   11   11   
51   2   14   7   10   10   
52   6   8   8   12   8   12   7   14   5   10   12   9   9   
53   1   12   8   
54   2   8   13   9   9   
55   2   8   14   9   9   
56   2   10   9   9   9   
57   2   6   15   9   14   
58   6   12   5   13   5   5   10   8   8   11   8   10   10   
59   4   9   9   11   7   10   9   10   13   
60   6   10   10   8   12   10   10   12   7   6   10   10   10   
61   4   10   15   7   10   10   10   5   11   
62   1   11   9   
63   4   9   13   8   8   12   10   11   5   
64   2   11   11   10   13   
65   5   13   9   12   12   11   10   14   5   11   11   
66   1   7   13   
67   2   8   10   9   9   
68   5   11   11   8   8   12   7   9   9   10   13   
69   4   11   11   12   12   8   15   10   10   
70   5   9   9   13   6   9   15   10   10   6   10   
71   5   11   11   9   12   8   8   13   10   10   10   
72   3   14   9   10   9   11   11   
73   4   10   12   10   10   13   6   11   11   
74   5   9   9   7   15   9   9   5   10   11   5   
75   1   12   12   
