6
21
13
75
6000   40   20
0   145   215   0
1   151   264   1100
2   159   261   700
3   130   254   800
4   128   252   1400
5   163   247   2100
6   146   246   400
7   161   242   800
8   142   239   100
9   163   236   500
10   148   232   600
11   128   231   1200
12   156   217   1300
13   129   214   1300
14   146   208   300
15   164   208   900
16   141   206   2100
17   147   193   1000
18   164   193   900
19   129   189   2500
20   155   185   1800
21   139   182   700

1   5   15   5   15   8   12   5   9   9   11   8   
2   5   9   14   11   11   14   5   14   5   9   12   
3   5   8   8   8   12   8   11   9   14   9   14   
4   4   7   10   10   10   5   11   15   5   
5   5   10   11   11   11   8   8   9   12   15   5   
6   6   11   11   14   8   11   11   11   11   10   7   13   6   
7   3   5   15   11   11   6   12   
8   3   10   12   7   14   12   8   
9   1   9   9   
10   6   8   8   6   13   8   8   7   13   8   13   8   12   
11   3   14   10   12   12   9   11   
12   2   8   8   14   7   
13   4   11   5   12   12   11   11   14   6   
14   4   12   12   8   8   8   8   13   10   
15   2   13   7   14   10   
16   1   8   11   
17   1   10   8   
18   4   12   12   9   9   10   5   9   9   
19   5   13   7   14   8   9   9   12   12   9   15   
20   1   8   8   
21   5   9   9   9   10   10   10   9   9   9   9   
