6
20
11
75
85   40   20
0   30   40   0
1   42   41   19
2   31   32   29
3   5   25   23
4   12   42   21
5   36   16   10
6   52   41   15
7   27   23   3
8   17   33   41
9   13   13   9
10   57   58   28
11   62   42   8
12   42   57   8
13   16   57   16
14   8   52   10
15   7   38   28
16   27   68   7
17   30   48   15
18   43   67   14
19   58   48   6
20   58   27   19

1   4   7   10   15   8   11   11   10   10   
2   3   11   10   10   12   10   10   
3   5   10   5   10   10   8   8   11   5   11   7   
4   6   10   10   10   7   11   7   10   10   6   14   10   10   
5   6   6   10   10   13   12   9   12   7   10   10   13   7   
6   3   8   8   11   7   15   6   
7   5   12   6   10   11   14   7   9   9   14   8   
8   2   14   5   14   9   
9   4   9   9   10   10   8   8   10   11   
10   1   8   14   
11   5   6   13   13   6   11   11   8   8   14   8   
12   3   11   6   14   9   9   9   
13   3   9   9   8   15   9   10   
14   3   11   7   10   10   10   6   
15   5   8   8   15   5   6   15   10   10   13   7   
16   6   9   9   10   5   5   11   6   10   9   9   9   11   
17   2   7   10   5   11   
18   4   6   13   12   6   13   5   15   8   
19   4   8   8   10   10   10   15   7   14   
20   1   10   10   
