6
15
10
55
55   40   20
0   30   40   0
1   37   52   7
2   49   49   30
3   52   64   16
4   20   26   9
5   40   30   21
6   21   47   15
7   17   63   19
8   31   62   23
9   52   33   11
10   51   21   5
11   42   41   19
12   31   32   29
13   5   25   23
14   12   42   21
15   36   16   10

1   3   11   11   14   5   11   7   
2   4   11   11   6   13   11   11   10   5   
3   1   7   12   
4   6   12   6   10   10   9   14   15   9   12   10   9   14   
5   4   10   7   5   12   9   9   15   6   
6   1   5   15   
7   1   13   6   
8   6   10   9   15   7   12   8   9   9   8   13   6   14   
9   2   11   9   10   10   
10   4   10   10   10   10   12   8   10   10   
11   6   12   12   9   9   11   5   11   11   13   6   10   10   
12   2   10   10   6   11   
13   6   9   12   11   11   8   8   5   11   11   7   15   6   
14   4   10   10   12   10   10   6   9   9   
15   5   12   12   7   11   8   8   11   7   15   5   
