6
50
35
206
160   40   20
0   30   40   0
1   37   52   7
2   49   49   30
3   52   64   16
4   20   26   9
5   40   30   21
6   21   47   15
7   17   63   19
8   31   62   23
9   52   33   11
10   51   21   5
11   42   41   19
12   31   32   29
13   5   25   23
14   12   42   21
15   36   16   10
16   52   41   15
17   27   23   3
18   17   33   41
19   13   13   9
20   57   58   28
21   62   42   8
22   42   57   8
23   16   57   16
24   8   52   10
25   7   38   28
26   27   68   7
27   30   48   15
28   43   67   14
29   58   48   6
30   58   27   19
31   37   69   11
32   38   46   12
33   46   10   23
34   61   33   26
35   62   63   17
36   63   69   6
37   32   22   9
38   45   35   15
39   59   15   14
40   5   6   7
41   10   17   27
42   21   10   13
43   5   64   11
44   30   15   16
45   39   10   10
46   32   39   5
47   25   32   25
48   25   55   17
49   48   28   18
50   56   37   10

1   4   9   9   8   8   11   11   9   11   
2   4   9   12   7   12   8   8   11   11   
3   5   8   13   12   9   10   8   10   10   10   13   
4   4   13   10   9   9   12   12   12   12   
5   3   5   14   12   12   10   10   
6   3   13   10   10   13   13   6   
7   6   7   13   11   11   10   14   8   8   15   6   5   12   
8   4   13   9   11   9   6   10   11   11   
9   5   7   13   10   10   8   8   8   8   8   8   
10   3   14   8   12   6   9   14   
11   1   12   5   
12   5   8   8   11   5   7   15   8   8   14   5   
13   5   11   7   9   15   9   11   5   10   13   8   
14   6   5   15   12   12   13   10   8   8   10   10   8   8   
15   6   9   12   9   9   9   9   12   12   15   8   10   10   
16   6   12   5   5   14   6   11   6   15   12   12   15   8   
17   1   7   14   
18   4   9   10   9   9   10   10   12   12   
19   2   10   10   13   8   
20   2   8   8   9   10   
21   5   11   6   8   8   11   7   9   9   14   10   
22   2   8   15   6   15   
23   3   10   10   7   10   8   8   
24   4   12   12   15   5   12   12   8   8   
25   1   10   10   
26   4   5   12   11   5   7   12   8   8   
27   6   7   13   13   9   12   12   10   15   5   12   6   11   
28   4   12   12   10   7   14   5   15   5   
29   6   15   10   11   6   10   12   10   7   9   15   11   11   
30   3   7   15   12   12   12   9   
31   6   11   11   10   15   12   12   7   13   12   10   13   10   
32   5   9   12   13   7   10   14   10   10   10   10   
33   5   6   11   12   12   15   8   9   9   8   10   
34   6   9   9   12   9   9   9   8   13   8   8   11   11   
35   3   7   14   8   12   9   13   
36   4   9   14   6   11   15   5   10   10   
37   4   12   5   8   8   6   15   10   10   
38   6   5   15   15   5   14   7   11   6   8   8   10   10   
39   3   9   9   11   8   11   6   
40   5   5   10   8   8   12   12   8   8   9   9   
41   4   10   13   13   8   12   12   8   8   
42   6   12   12   12   6   12   12   11   10   8   13   8   8   
43   2   11   11   12   10   
44   5   12   6   12   7   8   8   10   15   12   12   
45   4   12   12   9   14   10   7   10   9   
46   1   13   8   
47   6   7   11   12   6   5   14   9   9   13   5   8   15   
48   6   9   9   9   9   8   8   12   7   8   10   13   10   
49   3   10   10   8   8   9   9   
50   5   12   8   15   8   10   8   10   10   10   13   
