6
32
22
123
38000   40   20
0   250   200   0
1   10   260   3500
2   313   382   25705
3   467   67   713
4   205   254   2267
5   275   34   447
6   269   262   1847
7   293   269   1437
8   333   212   3720
9   304   202   1115
10   286   207   273
11   288   191   5494
12   295   235   1944
13   50   249   250
14   484   179   1500
15   447   189   3585
16   215   204   140
17   22   255   629
18   267   316   479
19   391   196   17456
20   399   122   1143
21   363   187   1919
22   355   236   826
23   378   203   3264
24   458   218   1570
25   383   181   2215
26   240   326   1239
27   273   349   580
28   278   374   5000
29   352   271   100
30   324   295   201
31   249   250   6747
32   65   248   1260

1   3   11   11   10   10   12   12   
2   3   10   11   13   10   12   12   
3   4   12   9   5   15   15   10   9   9   
4   1   7   11   
5   5   12   12   5   12   10   13   9   9   12   12   
6   5   7   13   8   8   6   10   9   9   11   11   
7   3   10   10   9   9   6   15   
8   2   9   9   10   10   
9   5   10   10   12   12   8   8   10   10   10   10   
10   3   9   9   12   6   8   11   
11   4   10   10   14   5   12   7   10   8   
12   4   12   12   6   13   8   11   12   5   
13   5   11   11   12   12   10   8   7   12   8   11   
14   6   7   10   6   14   15   9   8   12   5   15   14   10   
15   3   7   12   14   8   10   10   
16   5   5   11   13   8   8   8   12   12   10   13   
17   3   11   11   10   10   15   7   
18   1   11   6   
19   5   10   10   14   8   15   8   9   15   10   6   
20   4   12   12   11   7   7   11   10   15   
21   2   9   9   15   8   
22   5   10   10   10   10   5   13   10   10   9   14   
23   6   8   8   15   10   11   11   8   8   5   11   12   8   
24   1   14   6   
25   6   10   5   12   12   10   10   13   10   5   10   14   9   
26   6   15   9   10   5   10   12   11   5   15   8   14   8   
27   4   13   10   5   10   9   9   13   6   
28   4   12   12   7   11   8   13   11   9   
29   2   5   11   13   7   
30   2   10   6   14   6   
31   6   10   10   14   10   11   5   11   5   9   9   8   8   
32   5   5   13   10   10   10   15   10   11   6   13   
