6
75
42
246
140   40   20
0   40   40   0
1   22   22   18
2   36   26   26
3   21   45   11
4   45   35   30
5   55   20   21
6   33   34   19
7   50   50   15
8   55   45   16
9   26   59   29
10   40   66   26
11   55   65   37
12   35   51   16
13   62   35   12
14   62   57   31
15   62   24   8
16   21   36   19
17   33   44   20
18   9   56   13
19   62   48   15
20   66   14   22
21   44   13   28
22   26   13   12
23   11   28   6
24   7   43   27
25   17   64   14
26   41   46   18
27   55   34   17
28   35   16   29
29   52   26   13
30   43   26   22
31   31   76   25
32   22   53   28
33   26   29   27
34   50   40   19
35   55   50   10
36   54   10   12
37   60   15   14
38   47   66   24
39   30   60   16
40   30   50   33
41   12   17   15
42   15   14   11
43   16   19   18
44   21   48   17
45   50   30   21
46   51   42   27
47   50   15   19
48   48   21   20
49   12   38   5
50   15   56   22
51   29   39   12
52   54   38   19
53   55   57   22
54   67   41   16
55   10   70   7
56   6   25   26
57   65   27   14
58   40   60   21
59   70   64   24
60   64   4   13
61   36   6   15
62   30   20   18
63   20   30   11
64   15   5   28
65   50   70   9
66   57   72   37
67   45   42   30
68   38   33   10
69   50   4   8
70   66   8   11
71   59   5   3
72   35   60   1
73   27   24   6
74   40   20   10
75   40   37   20

1   5   12   12   8   8   8   10   10   10   10   10   
2   2   10   10   10   11   
3   4   12   5   5   10   10   14   14   5   
4   4   13   9   5   15   6   13   10   13   
5   6   13   7   9   10   10   10   10   11   10   10   9   12   
6   1   13   9   
7   3   14   6   9   11   7   11   
8   4   5   15   8   8   10   5   15   8   
9   1   6   13   
10   3   15   6   8   8   15   9   
11   4   11   11   9   9   10   10   6   13   
12   3   15   9   11   9   15   9   
13   1   8   8   
14   4   8   8   10   10   6   12   5   12   
15   3   8   13   12   7   9   15   
16   5   11   11   10   10   6   10   10   10   5   10   
17   5   10   10   13   8   14   8   8   8   8   8   
18   2   12   12   13   7   
19   6   10   10   11   8   7   15   8   14   11   11   6   13   
20   2   13   7   14   10   
21   1   12   12   
22   6   11   11   10   10   14   7   11   11   9   9   9   9   
23   4   8   8   13   7   9   9   14   9   
24   1   10   6   
25   1   11   11   
26   1   10   12   
27   5   6   14   9   11   9   13   10   14   7   10   
28   2   15   10   14   10   
29   4   14   9   15   9   7   13   10   10   
30   6   7   11   12   12   10   13   10   6   11   6   5   12   
31   4   8   12   8   8   10   10   10   10   
32   4   8   8   7   15   8   8   12   9   
33   2   11   11   7   15   
34   5   12   7   14   8   9   9   7   10   10   10   
35   1   7   13   
36   1   12   6   
37   2   12   6   9   9   
38   1   8   13   
39   1   9   10   
40   6   10   12   8   8   11   5   7   14   12   10   15   6   
41   3   8   10   15   10   7   14   
42   1   15   6   
43   6   12   12   9   11   6   15   13   9   13   8   9   9   
44   2   8   15   8   14   
45   4   11   11   15   7   7   12   8   15   
46   5   11   11   13   5   8   8   10   10   6   14   
47   4   10   15   10   6   7   12   6   13   
48   3   10   10   11   11   5   12   
49   5   6   14   8   10   9   9   11   11   12   8   
50   1   9   9   
51   4   12   12   8   8   6   12   10   8   
52   2   9   10   11   9   
53   1   14   9   
54   5   9   9   10   10   12   6   14   5   12   9   
55   3   12   8   11   11   9   9   
56   6   10   7   12   5   14   5   9   9   10   13   13   7   
57   4   13   10   9   12   7   13   11   7   
58   3   7   13   8   15   15   9   
59   2   12   12   12   12   
60   4   9   9   14   7   9   10   5   12   
61   1   13   6   
62   4   9   9   8   14   10   10   13   8   
63   6   12   9   8   8   14   7   15   6   14   10   13   10   
64   1   10   10   
65   3   15   7   9   9   15   8   
66   6   9   9   12   9   10   9   10   10   8   8   10   10   
67   2   14   8   11   11   
68   2   14   7   12   12   
69   5   5   11   13   8   7   11   12   8   12   9   
70   4   6   14   7   14   11   9   10   10   
71   1   11   11   
72   3   5   15   9   9   15   9   
73   5   9   9   10   10   11   6   14   6   11   11   
74   6   5   13   11   8   6   14   14   10   7   13   10   11   
75   3   10   10   5   12   12   5   
