6
100
45
368
112   40   20
0   35   35   0
1   41   49   10
2   35   17   7
3   55   45   13
4   55   20   19
5   15   30   26
6   25   30   3
7   20   50   5
8   10   43   9
9   55   60   16
10   30   60   16
11   20   65   12
12   50   35   19
13   30   25   23
14   15   10   20
15   30   5   8
16   10   20   19
17   5   30   2
18   20   40   12
19   15   60   17
20   45   65   9
21   45   20   11
22   45   10   18
23   55   5   29
24   65   35   3
25   65   20   6
26   45   30   17
27   35   40   16
28   41   37   16
29   64   42   9
30   40   60   21
31   31   52   27
32   35   69   23
33   53   52   11
34   65   55   14
35   63   65   8
36   2   60   5
37   20   20   8
38   5   5   16
39   60   12   31
40   40   25   9
41   42   7   5
42   24   12   5
43   23   3   7
44   11   14   18
45   6   38   16
46   2   48   1
47   8   56   27
48   13   52   36
49   6   68   30
50   47   47   13
51   49   58   10
52   27   43   9
53   37   31   14
54   57   29   18
55   63   23   2
56   53   12   6
57   32   12   7
58   36   26   18
59   21   24   28
60   17   34   3
61   12   24   13
62   24   58   19
63   27   69   10
64   15   77   9
65   62   77   20
66   49   73   25
67   67   5   25
68   56   39   36
69   37   47   6
70   37   56   5
71   57   68   15
72   47   16   25
73   44   17   9
74   46   13   8
75   49   11   18
76   49   42   13
77   53   43   14
78   61   52   3
79   57   48   23
80   56   37   6
81   55   54   26
82   15   47   16
83   14   37   11
84   11   31   7
85   16   22   41
86   4   18   35
87   28   18   26
88   26   52   9
89   26   35   15
90   31   67   3
91   15   19   1
92   22   22   2
93   18   24   22
94   26   27   27
95   25   24   20
96   22   27   11
97   25   21   12
98   19   21   10
99   20   26   9
100   18   18   17

1   2   7   12   11   9   
2   6   9   10   6   15   12   12   11   11   11   7   10   10   
3   2   8   14   6   13   
4   3   7   15   13   10   10   9   
5   2   12   10   5   10   
6   5   11   11   10   10   12   12   9   9   10   10   
7   4   7   14   9   11   5   14   9   14   
8   3   7   14   11   11   14   8   
9   3   8   13   9   9   15   5   
10   1   7   14   
11   2   8   8   12   7   
12   4   5   11   9   15   6   14   13   6   
13   4   10   14   8   8   8   8   12   12   
14   1   9   9   
15   1   12   12   
16   6   13   8   11   11   10   11   12   5   12   6   15   7   
17   5   11   7   10   10   9   12   10   10   6   14   
18   3   5   15   15   5   10   8   
19   5   8   15   10   10   10   10   9   9   8   13   
20   3   8   13   9   14   7   11   
21   6   9   12   11   11   12   7   14   8   8   8   9   11   
22   3   5   11   9   15   11   8   
23   5   9   13   9   9   6   12   11   6   8   11   
24   4   10   9   10   12   13   9   10   6   
25   2   10   10   11   11   
26   5   12   12   12   9   9   9   8   12   7   10   
27   3   9   9   10   8   8   8   
28   5   10   10   11   9   13   7   12   12   11   11   
29   4   10   10   10   13   10   10   8   8   
30   4   11   11   8   8   10   6   10   10   
31   3   11   11   8   8   12   8   
32   3   12   6   7   13   5   15   
33   6   12   12   14   5   11   11   14   7   8   11   11   10   
34   2   10   6   12   12   
35   4   11   11   12   12   10   10   15   6   
36   3   8   8   14   6   14   5   
37   3   5   11   7   15   9   9   
38   3   5   12   8   10   10   10   
39   3   8   8   8   13   8   8   
40   3   7   11   5   14   6   13   
41   5   10   10   8   8   8   14   8   8   12   5   
42   4   6   15   10   10   15   7   10   8   
43   6   12   12   10   10   10   10   9   13   11   11   11   11   
44   5   10   10   15   7   9   9   11   11   10   13   
45   2   11   7   14   8   
46   2   10   9   12   10   
47   4   10   7   10   8   13   10   12   8   
48   4   11   11   9   11   15   8   15   10   
49   5   10   13   6   12   9   9   11   7   11   11   
50   6   5   15   12   6   12   10   10   10   7   11   9   14   
51   3   10   5   10   10   5   10   
52   3   6   11   8   8   8   8   
53   1   9   11   
54   6   8   10   10   10   5   12   12   8   10   10   10   15   
55   2   10   5   15   8   
56   3   12   12   11   5   9   9   
57   5   8   8   11   7   15   6   10   10   11   11   
58   2   14   10   12   8   
59   4   10   10   5   11   13   5   10   10   
60   6   15   5   5   15   15   7   8   15   9   9   7   14   
61   5   11   11   10   6   6   12   12   10   11   6   
62   4   12   10   6   10   10   9   6   10   
63   6   10   15   6   11   7   15   15   7   13   7   8   8   
64   3   12   6   14   6   8   8   
65   3   11   11   11   11   9   9   
66   2   9   9   15   10   
67   1   15   8   
68   1   9   13   
69   4   9   13   10   7   8   10   12   12   
70   6   9   14   12   12   9   9   12   12   8   8   15   9   
71   4   11   7   8   8   10   7   13   6   
72   6   14   6   12   9   14   5   5   11   5   10   5   11   
73   6   5   10   11   11   9   9   5   15   9   9   10   10   
74   3   9   9   10   10   12   12   
75   2   11   10   10   6   
76   5   9   9   5   14   10   13   12   12   8   14   
77   4   5   15   6   11   13   7   8   8   
78   3   14   9   8   15   13   8   
79   5   6   12   9   9   11   7   13   6   14   10   
80   5   12   12   14   7   6   13   12   12   9   9   
81   3   9   14   8   8   10   13   
82   2   11   11   10   10   
83   1   7   10   
84   4   12   12   7   13   9   9   12   8   
85   5   15   10   13   10   10   10   9   9   8   15   
86   1   8   13   
87   6   11   7   7   14   8   8   10   10   13   5   10   10   
88   5   12   12   9   9   12   6   10   10   15   5   
89   6   14   6   9   9   15   5   8   8   10   10   10   7   
90   4   10   10   5   14   13   7   15   10   
91   3   12   12   5   12   12   8   
92   4   6   11   8   10   8   8   11   8   
93   3   9   9   11   8   14   10   
94   3   12   12   9   9   11   10   
95   4   11   11   7   14   11   11   14   9   
96   2   12   12   14   7   
97   4   11   5   7   15   10   15   6   14   
98   4   10   10   15   8   9   9   9   9   
99   4   9   13   11   9   13   10   12   12   
100   5   11   11   10   10   8   8   10   10   9   14   
