6
29
16
99
4500   40   20
0   162   354   0
1   218   382   300
2   218   358   3100
3   201   370   125
4   214   371   100
5   224   370   200
6   210   382   150
7   104   354   150
8   126   338   450
9   119   340   300
10   129   349   100
11   126   347   950
12   125   346   125
13   116   355   150
14   126   335   150
15   125   355   550
16   119   357   150
17   115   341   100
18   153   351   150
19   175   363   400
20   180   360   300
21   159   331   1500
22   188   357   100
23   152   349   300
24   215   389   500
25   212   394   800
26   188   393   300
27   207   406   100
28   184   410   150
29   207   392   1000

1   2   9   9   6   15   
2   1   8   8   
3   5   9   9   10   10   12   12   12   10   8   8   
4   1   11   11   
5   1   13   10   
6   2   11   5   10   10   
7   5   12   12   5   13   8   14   12   10   13   10   
8   5   11   7   8   8   9   9   11   11   9   11   
9   3   6   15   10   6   7   10   
10   4   11   11   12   10   11   11   6   13   
11   1   15   7   
12   4   9   15   6   10   9   10   13   7   
13   2   10   10   11   11   
14   5   9   9   15   6   10   10   8   15   5   10   
15   4   12   12   6   14   12   12   12   12   
16   3   10   10   14   8   11   8   
17   6   11   11   11   11   12   12   10   12   13   9   10   10   
18   5   10   10   13   9   12   5   14   7   8   8   
19   4   5   12   14   5   13   10   14   10   
20   2   10   10   8   8   
21   4   15   6   10   7   12   12   8   8   
22   3   10   10   11   11   14   5   
23   6   5   13   9   13   11   11   12   12   5   11   8   8   
24   1   13   10   
25   4   10   10   11   11   11   11   8   15   
26   5   15   10   12   12   6   10   9   9   9   9   
27   4   10   10   5   11   12   7   11   11   
28   2   11   11   5   14   
29   5   15   10   11   6   8   10   12   5   13   10   
