6
44
27
161
2010   40   20
0   0   0   0
1   3   5   33
2   2.5   9   15
3   48   16   10
4   48   17   40
5   69   16   15
6   70   16   5
7   64   13   77
8   3   -22   435
9   2.5   1   165
10   -13   11.5   120
11   -20   45   65
12   -9   52   23
13   -8.5   53   18
14   -8   52   550
15   2   2   78
16   -2   9   627
17   -10   20   9
18   -20   19   96
19   -15   -21   116
20   -5   -9   116
21   -4.5   -9   83
22   -52   -36   41
23   -53   -36   645
24   0   0   694
25   -30   -18   573
26   -51   -35   1
27   81   9   181
28   84   -99   106
29   82   -6   52
30   40   -12   117
31   50   -7   52
32   51   -8   1300
33   63   -17   57
34   45   -1   28
35   54   8.5   84
36   29   4   1
37   21   3   54
38   22   2   19
39   39   -3   88
40   39.5   -3   41
41   40   -11   238
42   28   -2   66
43   24   -18   44
44   24   -19   42

1   5   10   5   11   9   8   8   9   13   12   5   
2   2   12   9   12   12   
3   3   8   8   12   8   10   10   
4   5   6   15   10   10   12   8   11   11   12   12   
5   6   10   10   9   9   12   5   15   7   11   11   5   15   
6   4   9   9   14   7   9   14   10   12   
7   3   12   6   8   8   13   10   
8   6   12   8   11   5   11   11   8   11   5   15   13   10   
9   3   15   9   15   7   5   15   
10   6   12   9   10   10   5   14   11   11   8   14   7   13   
11   1   7   10   
12   5   10   10   11   11   11   11   5   13   11   8   
13   2   11   10   9   9   
14   3   14   9   9   9   8   8   
15   2   12   5   10   6   
16   3   12   12   9   9   11   6   
17   5   11   11   12   12   13   6   10   10   11   6   
18   3   8   15   5   12   10   6   
19   2   12   12   13   7   
20   3   15   10   8   8   11   6   
21   1   10   9   
22   6   8   8   7   12   8   8   11   11   14   10   9   9   
23   1   13   9   
24   6   13   10   10   7   12   12   12   12   11   11   9   12   
25   1   12   12   
26   2   7   11   9   13   
27   5   9   9   8   8   9   9   5   10   11   11   
28   4   10   5   14   7   11   5   6   11   
29   5   8   8   11   10   12   12   13   5   9   9   
30   4   11   5   8   8   6   14   10   10   
31   2   10   6   12   12   
32   4   12   12   5   13   11   6   9   9   
33   1   12   12   
34   4   10   11   6   14   8   8   5   11   
35   3   14   10   11   11   10   10   
36   4   11   8   9   10   7   14   5   11   
37   4   10   10   9   9   13   9   13   5   
38   6   7   14   12   12   8   8   7   14   12   12   15   5   
39   6   8   8   10   6   8   8   14   10   11   11   14   6   
40   2   9   14   13   5   
41   4   13   6   12   6   11   10   13   6   
42   6   10   13   14   8   13   10   12   9   5   15   11   11   
43   4   14   9   5   15   9   9   15   10   
44   4   14   9   9   13   12   12   5   11   
