6
120
80
454
200   40   20
0   10   45   0
1   25   1   25
2   25   3   7
3   31   5   13
4   32   5   6
5   31   7   14
6   32   9   5
7   34   9   11
8   46   9   19
9   35   7   5
10   34   6   15
11   35   5   15
12   47   6   17
13   40   5   13
14   39   3   12
15   36   3   18
16   73   6   13
17   73   8   18
18   24   36   12
19   76   6   17
20   76   10   4
21   76   13   7
22   78   3   12
23   78   9   13
24   79   3   8
25   79   5   16
26   79   11   15
27   82   3   6
28   82   7   5
29   90   15   9
30   84   3   11
31   84   5   10
32   84   9   3
33   85   1   7
34   87   5   2
35   85   8   4
36   87   7   4
37   86   41   18
38   86   44   14
39   86   46   12
40   85   55   17
41   89   43   20
42   89   46   14
43   89   52   16
44   92   42   10
45   92   52   9
46   94   42   11
47   94   44   7
48   94   48   13
49   96   42   5
50   99   46   4
51   99   50   21
52   83   80   13
53   83   83   11
54   85   81   12
55   85   85   14
56   85   89   10
57   87   80   8
58   87   86   16
59   90   77   19
60   90   88   5
61   93   82   17
62   93   84   7
63   93   89   16
64   94   86   14
65   95   80   17
66   99   89   13
67   37   83   17
68   50   80   13
69   35   85   14
70   35   87   16
71   44   86   7
72   46   89   13
73   46   83   9
74   46   87   11
75   46   89   35
76   48   83   5
77   50   85   28
78   50   88   7
79   54   86   3
80   54   90   10
81   10   35   7
82   10   40   12
83   18   30   11
84   17   35   10
85   16   38   8
86   14   40   11
87   15   42   21
88   11   42   4
89   18   40   15
90   21   39   16
91   20   40   4
92   18   41   16
93   20   44   7
94   22   44   10
95   16   45   9
96   20   45   11
97   25   45   17
98   30   55   12
99   20   50   11
100   22   51   7
101   18   49   9
102   16   48   11
103   20   55   12
104   18   53   7
105   14   50   8
106   15   51   6
107   16   54   5
108   28   33   12
109   33   38   13
110   30   50   7
111   13   40   7
112   15   36   8
113   18   31   11
114   25   37   13
115   30   46   11
116   25   52   10
117   16   33   7
118   25   35   4
119   5   40   20
120   5   50   13

1   2   10   6   9   13   
2   2   11   5   8   8   
3   1   12   12   
4   6   12   7   9   9   12   12   9   10   5   11   8   8   
5   4   12   12   8   8   10   10   9   9   
6   5   7   12   12   12   11   11   10   10   13   8   
7   1   12   12   
8   4   5   15   10   8   8   12   10   10   
9   2   8   14   8   13   
10   6   15   10   10   12   8   8   9   13   6   12   7   14   
11   6   5   10   12   9   12   7   11   11   11   11   10   10   
12   3   9   9   12   12   14   10   
13   5   9   9   11   11   10   10   10   11   11   11   
14   5   10   10   6   12   12   10   12   9   6   10   
15   2   14   10   8   13   
16   6   10   10   9   9   6   12   8   14   10   8   8   15   
17   5   9   9   10   11   6   12   12   12   12   9   
18   2   12   12   7   15   
19   6   14   5   13   8   11   11   5   14   9   14   13   5   
20   1   11   9   
21   1   10   11   
22   5   7   15   12   12   11   10   10   15   9   9   
23   1   15   9   
24   1   8   14   
25   1   8   8   
26   5   14   6   10   12   7   13   15   7   10   11   
27   2   10   10   10   10   
28   3   8   8   11   10   9   9   
29   4   8   8   8   12   8   13   10   15   
30   3   11   11   8   8   8   8   
31   4   9   11   5   11   12   6   13   6   
32   5   12   7   5   15   10   12   15   9   11   8   
33   5   15   5   11   11   10   10   12   12   9   9   
34   5   10   10   7   13   8   8   10   15   12   10   
35   5   12   12   15   6   10   10   8   8   11   11   
36   2   11   10   10   10   
37   4   5   12   8   10   15   6   10   15   
38   2   14   6   12   6   
39   3   12   8   10   7   8   15   
40   5   12   12   10   10   15   10   10   14   10   13   
41   1   8   8   
42   2   10   10   11   6   
43   5   10   13   5   15   11   10   11   11   6   15   
44   6   12   5   7   13   10   10   9   9   11   11   10   10   
45   5   9   13   11   8   7   11   7   12   10   10   
46   2   9   12   13   5   
47   2   8   13   10   10   
48   6   12   12   8   10   12   12   11   5   10   10   9   9   
49   2   10   13   5   15   
50   6   9   9   8   8   13   8   12   12   9   10   12   9   
51   3   13   5   12   12   8   10   
52   4   14   7   6   15   10   10   12   12   
53   6   10   5   7   13   10   10   12   6   12   12   7   10   
54   5   11   7   12   12   7   12   8   13   8   14   
55   5   12   12   11   10   11   11   15   9   6   11   
56   5   11   11   10   8   11   9   11   8   15   5   
57   4   12   5   12   8   10   10   10   8   
58   6   10   5   9   9   6   15   6   13   12   12   12   5   
59   3   10   9   8   15   9   9   
60   3   10   10   8   8   7   15   
61   4   11   11   6   13   10   10   10   10   
62   5   13   10   12   12   9   9   15   7   6   13   
63   4   10   10   12   12   10   12   11   8   
64   5   13   10   11   11   12   12   10   5   12   12   
65   4   12   12   6   15   10   10   8   10   
66   5   14   10   8   8   14   6   8   8   14   6   
67   5   9   9   7   12   10   10   9   13   5   12   
68   6   15   5   12   12   10   10   14   7   10   15   12   12   
69   5   12   12   5   11   13   10   15   5   8   8   
70   5   14   7   10   7   11   5   8   8   10   10   
71   6   12   12   9   10   9   9   10   10   12   5   7   13   
72   1   10   10   
73   4   14   10   7   13   12   12   6   12   
74   4   13   9   11   6   11   10   9   9   
75   6   9   15   12   12   8   8   10   10   14   9   6   12   
76   6   14   10   9   9   9   9   7   13   10   10   15   8   
77   2   11   5   13   6   
78   5   11   7   10   9   13   10   15   6   8   12   
79   6   10   6   11   11   11   7   11   11   5   13   6   11   
80   4   11   11   14   5   14   9   13   7   
81   6   10   10   12   12   12   12   8   15   8   14   14   7   
82   3   10   10   7   12   9   10   
83   5   10   10   13   9   10   10   10   13   9   11   
84   2   12   12   10   5   
85   2   10   10   10   10   
86   5   10   10   8   12   11   7   11   6   10   10   
87   1   8   15   
88   5   13   7   12   12   6   13   10   10   11   11   
89   4   15   5   12   12   9   11   11   11   
90   6   10   15   10   11   6   14   12   12   9   9   12   6   
91   5   11   10   5   12   15   10   8   8   10   10   
92   4   6   15   12   9   10   10   9   12   
93   2   15   7   13   5   
94   3   6   11   10   15   10   13   
95   3   10   12   15   10   9   10   
96   1   15   10   
97   3   10   12   8   13   5   14   
98   4   9   9   11   11   12   6   11   11   
99   5   7   15   5   14   6   15   15   10   8   8   
100   5   11   8   9   10   8   8   14   7   11   9   
101   1   9   13   
102   6   5   10   7   10   10   8   11   5   7   11   10   15   
103   6   11   7   12   6   10   10   12   6   12   12   9   9   
104   1   11   9   
105   5   11   10   6   15   8   8   5   11   11   11   
106   5   14   7   10   10   5   10   11   10   10   10   
107   6   8   8   10   15   5   10   12   12   7   13   11   6   
108   2   8   8   12   12   
109   4   8   8   9   9   8   8   10   6   
110   2   11   11   6   12   
111   4   7   15   11   11   11   11   13   10   
112   5   10   10   8   11   5   13   8   8   9   12   
113   3   11   11   10   5   10   14   
114   5   10   10   8   8   5   10   7   15   13   10   
115   1   6   15   
116   1   8   8   
117   5   10   15   8   8   12   12   13   10   10   10   
118   1   7   13   
119   2   6   13   10   10   
120   2   14   8   8   8   
