6
35
23
129
67   40   20
0   40   40   0
1   22   22   18
2   36   26   26
3   21   45   11
4   45   35   30
5   55   20   21
6   33   34   19
7   50   50   15
8   55   45   16
9   26   59   29
10   40   66   26
11   55   65   37
12   35   51   16
13   62   35   12
14   62   57   31
15   62   24   8
16   21   36   19
17   33   44   20
18   9   56   13
19   62   48   15
20   66   14   22
21   44   13   28
22   26   13   12
23   11   28   6
24   7   43   27
25   17   64   14
26   41   46   18
27   55   34   17
28   35   16   29
29   52   26   13
30   43   26   22
31   31   76   25
32   22   53   28
33   26   29   27
34   50   40   19
35   55   50   10

1   3   6   10   5   12   10   6   
2   3   12   12   14   6   8   10   
3   5   8   14   11   11   7   11   7   10   9   11   
4   1   10   10   
5   3   10   10   12   12   8   10   
6   5   7   15   10   10   8   12   7   11   12   5   
7   5   8   8   11   9   10   10   12   7   12   12   
8   3   11   5   10   10   6   11   
9   4   12   12   10   13   8   14   15   6   
10   5   10   10   12   7   9   9   8   15   11   10   
11   3   10   5   12   12   11   6   
12   4   7   12   9   13   14   10   12   12   
13   2   10   10   9   9   
14   6   11   6   7   13   10   10   10   10   5   12   5   11   
15   5   12   12   6   15   8   8   6   10   9   9   
16   5   5   15   12   5   12   6   12   6   6   13   
17   2   8   8   5   15   
18   3   10   15   14   10   9   15   
19   5   8   10   14   10   12   12   11   9   12   7   
20   2   11   11   7   12   
21   1   10   10   
22   1   11   9   
23   5   14   8   12   12   12   7   10   9   7   15   
24   5   9   9   8   8   5   10   11   8   12   8   
25   4   9   13   11   10   5   15   10   10   
26   6   11   11   11   8   11   9   11   6   9   11   10   10   
27   5   10   13   12   12   6   12   9   13   15   9   
28   1   8   8   
29   5   9   11   9   13   14   9   14   8   9   9   
30   1   5   11   
31   4   11   8   12   12   6   15   9   9   
32   3   10   10   5   15   10   10   
33   4   11   8   8   8   14   9   11   11   
34   4   15   10   14   6   11   5   13   7   
35   6   5   10   12   12   11   11   6   13   11   5   8   13   
