6
30
18
105
68   40   20
0   40   40   0
1   22   22   18
2   36   26   26
3   21   45   11
4   45   35   30
5   55   20   21
6   33   34   19
7   50   50   15
8   55   45   16
9   26   59   29
10   40   66   26
11   55   65   37
12   35   51   16
13   62   35   12
14   62   57   31
15   62   24   8
16   21   36   19
17   33   44   20
18   9   56   13
19   62   48   15
20   66   14   22
21   44   13   28
22   26   13   12
23   11   28   6
24   7   43   27
25   17   64   14
26   41   46   18
27   55   34   17
28   35   16   29
29   52   26   13
30   43   26   22

1   4   14   5   8   8   9   9   12   12   
2   4   11   11   5   15   10   13   10   12   
3   3   14   10   13   6   9   9   
4   4   12   8   15   10   8   14   12   12   
5   2   9   15   9   15   
6   3   10   5   14   8   9   9   
7   3   10   10   12   12   9   11   
8   3   12   12   10   13   14   7   
9   5   12   8   9   9   5   10   8   13   9   9   
10   2   6   11   12   7   
11   4   10   7   10   10   6   12   8   8   
12   5   12   12   11   11   8   8   10   10   8   8   
13   1   10   10   
14   6   9   9   11   6   12   12   9   13   8   8   7   11   
15   5   10   10   10   10   10   10   12   12   7   15   
16   4   12   12   12   12   14   8   10   10   
17   4   10   10   7   10   12   9   8   15   
18   5   5   14   5   14   10   6   11   11   10   14   
19   2   9   9   10   9   
20   4   9   15   6   12   12   12   12   6   
21   5   10   11   9   9   11   11   7   11   8   8   
22   6   15   8   10   10   11   8   10   10   10   9   11   11   
23   2   12   9   12   12   
24   6   11   11   8   8   13   10   8   8   10   10   7   12   
25   1   6   13   
26   2   12   9   9   9   
27   3   9   11   12   12   10   8   
28   2   9   9   7   10   
29   2   14   7   9   9   
30   3   9   10   13   5   8   14   
