6
32
21
124
8000   40   20
0   292   495   0
1   298   427   700
2   309   445   400
3   307   464   400
4   336   475   1200
5   320   439   40
6   321   437   80
7   322   437   2000
8   323   433   900
9   324   433   600
10   323   429   750
11   314   435   1500
12   311   442   150
13   304   427   250
14   293   421   1600
15   296   418   450
16   261   384   700
17   297   410   550
18   315   407   650
19   314   406   200
20   321   391   400
21   321   398   300
22   314   394   1300
23   313   378   700
24   304   382   750
25   295   402   1400
26   283   406   4000
27   279   399   600
28   271   401   1000
29   264   414   500
30   277   439   2500
31   290   434   1700
32   319   433   1100

1   4   8   8   14   8   12   12   11   6   
2   3   10   14   10   10   12   12   
3   5   13   9   15   7   10   10   8   15   5   10   
4   5   10   13   7   10   12   12   11   11   12   12   
5   5   11   8   8   8   9   13   11   11   12   12   
6   1   13   5   
7   3   12   6   10   15   14   7   
8   6   9   11   13   8   12   7   9   11   14   6   12   9   
9   6   8   8   12   12   9   13   12   7   6   15   9   10   
10   5   12   12   8   10   11   5   15   7   10   10   
11   5   10   10   6   13   12   6   10   11   13   8   
12   2   5   12   15   6   
13   1   13   5   
14   1   10   10   
15   5   8   12   15   9   10   10   7   13   9   14   
16   4   8   13   10   12   10   10   7   15   
17   4   9   9   13   10   6   15   12   5   
18   4   6   12   15   5   10   9   11   11   
19   4   12   9   10   10   10   9   13   6   
20   1   7   14   
21   6   6   11   14   9   10   10   8   8   14   6   10   12   
22   4   12   12   10   5   13   5   8   8   
23   4   8   8   10   10   10   6   5   10   
24   5   8   8   10   10   10   5   9   15   10   10   
25   6   14   5   10   10   14   6   9   15   6   14   12   12   
26   1   11   8   
27   5   8   8   15   5   12   9   14   6   10   10   
28   2   8   8   13   9   
29   1   15   9   
30   6   10   11   9   9   5   15   9   12   6   10   9   11   
31   5   9   9   5   15   11   11   15   7   8   8   
32   5   8   8   10   5   12   12   13   8   14   7   
